function out = L3(u)
u_h = [u(1);u(2);u(3)];
% L = [    4.4721         0         0;
%          0    4.4721         0;
%          0         0    4.4721;
%   -10.0000         0         0;
%          0  -10.0000         0;
%          0         0  -10.0000];
L =[1.4142         0         0;
         0    1.4142         0;
         0         0    1.4142;
   -1.0000         0         0;
         0   -1.0000         0;
         0         0   -1.0000];
out = L*u_h;
end